DEHA2G00110g,31,1459,2.1247
DEHA2A00110g,29,1409,2.0582
DEHA2G01276g,28,1409,1.9872
DEHA2C00099g,26,1399,1.8585
DEHA2F00110g,26,1385,1.8773
DEHA2B12787g,21,1497,1.4028
DEHA2C04752g,21,2985,0.7035
DEHA2D06061g,21,1497,1.4028
DEHA2D10604g,21,3433,0.6117
DEHA2G11539g,20,1491,1.3414
DEHA2C07458g,19,2663,0.7135
DEHA2C11594g,19,1679,1.1316
DEHA2G11297g,19,1489,1.2760
DEHA2E18810g,17,1970,0.8629
DEHA2G01738g,17,1631,1.0423
DEHA2A09218g,16,2803,0.5708
DEHA2B07854g,16,3074,0.5205
DEHA2D13200g,16,597,2.6801
DEHA2E18436g,16,1836,0.8715
DEHA2F25872g,16,1530,1.0458
DEHA2A02244g,15,1701,0.8818
DEHA2B02838g,15,2131,0.7039
DEHA2D03300g,15,1563,0.9597
DEHA2E05984g,15,473,3.1712
DEHA2E19382g,15,1283,1.1691
DEHA2F02904g,15,1558,0.9628
DEHA2B08800g,14,912,1.5351
DEHA2C16412g,14,841,1.6647
DEHA2F12452g,14,2596,0.5393
DEHA2C08998g,13,1662,0.7822
DEHA2E14432g,13,1188,1.0943
DEHA2E18766g,13,1257,1.0342
DEHA2F15466g,13,1527,0.8513
DEHA2F16522g,13,4190,0.3103
DEHA2F20592g,13,1044,1.2452
DEHA2G01408g,13,962,1.3514
DEHA2A01254g,12,1110,1.0811
DEHA2C04774g,12,488,2.4590
DEHA2C08778g,12,2043,0.5874
DEHA2C09570g,12,843,1.4235
DEHA2C17314g,12,1613,0.7440
DEHA2D04466g,12,1028,1.1673
DEHA2D09042g,12,1029,1.1662
DEHA2E09086g,12,1953,0.6144
DEHA2E12914g,12,419,2.8640
DEHA2F04312g,12,1205,0.9959
DEHA2F05258g,12,1777,0.6753
DEHA2F09130g,12,1303,0.9210
DEHA2F14806g,12,970,1.2371
DEHA2F15840g,12,1743,0.6885
